10 10
  1.1  1.1  2.2  3.3  5.5  9.2  1.7 -9.1  5.1  3.9 
  4.7  3.1  4.4  5.5  5.5  0.4  5.5 -9.1  6.2  5.5
 -6.2  3.2 -6.2  5.5  4.7  3.1  4.4  5.5  5.5  0.4
  2.2  1.1 -6.2  3.2 -9.1  6.2  5.5  1.1 -6.2  5.5
  4.4  5.5  5.5  0.4  5.5 -6.2  5.5  4.7  3.1  4.4
 -6.2 -9.2 -6.2  5.5  4.7  3.1  5.5  4.7  3.1  4.4
  2.2  1.1 -6.2  3.2 -9.1  6.2  5.5  1.1 -6.2  5.5
  3.2 -9.1  6.2  5.5  1.1 -6.2 -6.2 -9.2 -6.2  5.5
 -6.2 -9.2 -6.2  5.5  4.7  3.1  5.5  4.7  3.1  4.4
  4.7  3.1  4.4  5.5  5.5  0.4  5.5 -9.1  6.2  5.5
